0
1 184 121 114 53
2 129 198 23
3
4 136 162 76
5
6
7
8
9
10
11
12
13 97 55 6 47
14
15 1 108
16
17 19 43 118
18
19 70
20
21 154
22 32
23
24
25
26 197
27 152 45 104 29
28
29
30
31 41
32
33
34 157
35 88 85
36 182
37 150 116 142
38
39
40 100 81 80 60
41
42 8 91 46
43 5 139 117 173
44 186 149 7
45
46
47
48
49
50 9 4 71
51 59 75 180
52
53 120 111
54 35 126
55
56 160 51
57
58 56 137
59
60
61
62
63 125
64 170 50 83
65
66
67 93 20 189 52
68 163
69
70
71 171
72
73
74
75
76 72 122
77
78
79 194 14 135
80
81
82 10 30
83 138 107 134 175
84
85
86 24 25
87
88 26
89 176
90
91
92
93
94
95 192 64 156 15
96 57
97
98
99
100
101
102
103
104
105 168 36 101 166
106
107 22
108 193
109
110
111
112 89 178 79 167
113
114 96 49 27 86
115
116 40 2 164
117
118
119
120
121 34 188 183
122
123
124
125 169 146
126
127 67
128
129
130 124 195 92 87
131 112 127
132
133
134 42
135
136
137 185 82 141 102
138 130 115
139
140
141
142 98 21 151
143
144
145 63
146
147
148
149
150 147
151 16 94
152
153
154
155 105 158 159
156 58 131 155 37
157
158 187 68 109
159 161 13
160 48 74 179 140
161 148
162 153 66 99 172
163
164 84
165 133
166
167 128 103
168 144 65 18 123
169
170 17
171 0 11 77
172
173
174
175 177 31 190 191
176
177 174 199
178
179
180
181
182
183 33 62 39
184 106 110
185 69
186
187
188 61 181
189
190 113 196 28 38
191
192 90
193 73 44 165 119
194
195
196
197 12 78 143
198
199